# x, y
0.000000000000000000e+00 0.000000000000000000e+00 0.000000000000000000e+00 6.161199943130516443e-01 0.000000000000000000e+00
0.000000000000000000e+00 1.000000000000000000e+00 0.000000000000000000e+00 9.170945906424795568e-01 0.000000000000000000e+00
1.000000000000000000e+00 1.000000000000000000e+00 0.000000000000000000e+00 7.917105397310501003e-01 0.000000000000000000e+00
1.000000000000000000e+00 0.000000000000000000e+00 0.000000000000000000e+00 9.196167624401481167e-01 0.000000000000000000e+00
1.000000000000000000e+00 1.000000000000000000e+00 1.000000000000000000e+00 5.945399558297039810e-01 0.000000000000000000e+00
0.000000000000000000e+00 1.000000000000000000e+00 1.000000000000000000e+00 4.846493370035408477e-01 0.000000000000000000e+00
0.000000000000000000e+00 0.000000000000000000e+00 1.000000000000000000e+00 7.421888230374085182e-01 0.000000000000000000e+00
1.000000000000000000e+00 0.000000000000000000e+00 1.000000000000000000e+00 1.231636010442006546e-01 0.000000000000000000e+00
2.543259334209733158e-01 3.618853776026196289e-01 0.000000000000000000e+00 8.580951385859985070e-01 0.000000000000000000e+00
4.616450862935682631e-01 8.006037903402184464e-01 0.000000000000000000e+00 4.039084648103637987e-01 0.000000000000000000e+00
1.567408357087576309e-01 3.720590763766654652e-01 1.000000000000000000e+00 8.467877232698556300e-01 0.000000000000000000e+00
7.299041637107492875e-01 8.950886019722600340e-01 1.000000000000000000e+00 1.308586541592045016e-01 0.000000000000000000e+00
7.008227389230403670e-01 0.000000000000000000e+00 5.274566338583107639e-01 1.405052764316300218e-01 0.000000000000000000e+00
6.309568124758418994e-01 0.000000000000000000e+00 5.485772154075098106e-01 1.019851130392781524e-01 0.000000000000000000e+00
1.723955540486237226e-01 1.000000000000000000e+00 4.984117083690094985e-01 9.384600160989817752e-01 0.000000000000000000e+00
5.633681590929809913e-01 1.000000000000000000e+00 5.890437104827163095e-01 7.913327783244779035e-01 0.000000000000000000e+00
0.000000000000000000e+00 2.809234478377103938e-01 4.217036070445783214e-01 9.696978482163725044e-01 0.000000000000000000e+00
0.000000000000000000e+00 1.889068181325713747e-01 9.033638232452512185e-01 1.558228877174985261e-01 0.000000000000000000e+00
1.000000000000000000e+00 2.779326801778128075e-01 7.670344191675657619e-01 4.582497604072072184e-01 0.000000000000000000e+00
1.000000000000000000e+00 1.965384831889449568e-02 7.841064395751118354e-01 9.697838509051346367e-01 0.000000000000000000e+00
5.000000000000000000e-01 5.000000000000000000e-01 5.000000000000000000e-01 0.000000000000000000e+00 0.000000000000000000e+00
7.500000000000000000e-01 2.500000000000000000e-01 2.500000000000000000e-01 0.000000000000000000e+00 0.000000000000000000e+00
2.500000000000000000e-01 7.500000000000000000e-01 7.500000000000000000e-01 0.000000000000000000e+00 0.000000000000000000e+00
3.750000000000000000e-01 3.750000000000000000e-01 6.250000000000000000e-01 0.000000000000000000e+00 0.000000000000000000e+00
8.750000000000000000e-01 8.750000000000000000e-01 1.250000000000000000e-01 0.000000000000000000e+00 0.000000000000000000e+00
6.250000000000000000e-01 1.250000000000000000e-01 8.750000000000000000e-01 0.000000000000000000e+00 0.000000000000000000e+00
1.250000000000000000e-01 6.250000000000000000e-01 3.750000000000000000e-01 0.000000000000000000e+00 0.000000000000000000e+00
1.875000000000000000e-01 3.125000000000000000e-01 9.375000000000000000e-01 0.000000000000000000e+00 0.000000000000000000e+00
6.875000000000000000e-01 8.125000000000000000e-01 4.375000000000000000e-01 0.000000000000000000e+00 0.000000000000000000e+00
9.375000000000000000e-01 6.250000000000000000e-02 6.875000000000000000e-01 0.000000000000000000e+00 0.000000000000000000e+00
4.375000000000000000e-01 5.625000000000000000e-01 1.875000000000000000e-01 0.000000000000000000e+00 0.000000000000000000e+00
3.125000000000000000e-01 1.875000000000000000e-01 3.125000000000000000e-01 0.000000000000000000e+00 0.000000000000000000e+00
8.125000000000000000e-01 6.875000000000000000e-01 8.125000000000000000e-01 0.000000000000000000e+00 0.000000000000000000e+00
5.625000000000000000e-01 4.375000000000000000e-01 6.250000000000000000e-02 0.000000000000000000e+00 0.000000000000000000e+00
6.250000000000000000e-02 9.375000000000000000e-01 5.625000000000000000e-01 0.000000000000000000e+00 0.000000000000000000e+00
9.375000000000000000e-02 4.687500000000000000e-01 4.687500000000000000e-01 0.000000000000000000e+00 0.000000000000000000e+00
5.937500000000000000e-01 9.687500000000000000e-01 9.687500000000000000e-01 0.000000000000000000e+00 0.000000000000000000e+00
8.437500000000000000e-01 2.187500000000000000e-01 2.187500000000000000e-01 0.000000000000000000e+00 0.000000000000000000e+00
3.437500000000000000e-01 7.187500000000000000e-01 7.187500000000000000e-01 0.000000000000000000e+00 0.000000000000000000e+00
4.687500000000000000e-01 9.375000000000000000e-02 8.437500000000000000e-01 0.000000000000000000e+00 0.000000000000000000e+00
5.000000000000000000e-01 5.000000000000000000e-01 5.000000000000000000e-01 0.000000000000000000e+00 0.000000000000000000e+00
7.500000000000000000e-01 2.500000000000000000e-01 2.500000000000000000e-01 0.000000000000000000e+00 0.000000000000000000e+00
2.500000000000000000e-01 7.500000000000000000e-01 7.500000000000000000e-01 0.000000000000000000e+00 0.000000000000000000e+00
3.750000000000000000e-01 3.750000000000000000e-01 6.250000000000000000e-01 0.000000000000000000e+00 0.000000000000000000e+00
8.750000000000000000e-01 8.750000000000000000e-01 1.250000000000000000e-01 0.000000000000000000e+00 0.000000000000000000e+00
6.250000000000000000e-01 1.250000000000000000e-01 8.750000000000000000e-01 0.000000000000000000e+00 0.000000000000000000e+00
1.250000000000000000e-01 6.250000000000000000e-01 3.750000000000000000e-01 0.000000000000000000e+00 0.000000000000000000e+00
1.875000000000000000e-01 3.125000000000000000e-01 9.375000000000000000e-01 0.000000000000000000e+00 0.000000000000000000e+00
6.875000000000000000e-01 8.125000000000000000e-01 4.375000000000000000e-01 0.000000000000000000e+00 0.000000000000000000e+00
9.375000000000000000e-01 6.250000000000000000e-02 6.875000000000000000e-01 0.000000000000000000e+00 0.000000000000000000e+00
4.375000000000000000e-01 5.625000000000000000e-01 1.875000000000000000e-01 0.000000000000000000e+00 0.000000000000000000e+00
3.125000000000000000e-01 1.875000000000000000e-01 3.125000000000000000e-01 0.000000000000000000e+00 0.000000000000000000e+00
8.125000000000000000e-01 6.875000000000000000e-01 8.125000000000000000e-01 0.000000000000000000e+00 0.000000000000000000e+00
5.625000000000000000e-01 4.375000000000000000e-01 6.250000000000000000e-02 0.000000000000000000e+00 0.000000000000000000e+00
6.250000000000000000e-02 9.375000000000000000e-01 5.625000000000000000e-01 0.000000000000000000e+00 0.000000000000000000e+00
9.375000000000000000e-02 4.687500000000000000e-01 4.687500000000000000e-01 0.000000000000000000e+00 0.000000000000000000e+00
5.937500000000000000e-01 9.687500000000000000e-01 9.687500000000000000e-01 0.000000000000000000e+00 0.000000000000000000e+00
8.437500000000000000e-01 2.187500000000000000e-01 2.187500000000000000e-01 0.000000000000000000e+00 0.000000000000000000e+00
3.437500000000000000e-01 7.187500000000000000e-01 7.187500000000000000e-01 0.000000000000000000e+00 0.000000000000000000e+00
4.687500000000000000e-01 9.375000000000000000e-02 8.437500000000000000e-01 0.000000000000000000e+00 0.000000000000000000e+00
0.000000000000000000e+00 0.000000000000000000e+00 0.000000000000000000e+00 6.161199943130516443e-01 0.000000000000000000e+00
0.000000000000000000e+00 1.000000000000000000e+00 0.000000000000000000e+00 9.170945906424795568e-01 0.000000000000000000e+00
1.000000000000000000e+00 1.000000000000000000e+00 0.000000000000000000e+00 7.917105397310501003e-01 0.000000000000000000e+00
1.000000000000000000e+00 0.000000000000000000e+00 0.000000000000000000e+00 9.196167624401481167e-01 0.000000000000000000e+00
1.000000000000000000e+00 1.000000000000000000e+00 1.000000000000000000e+00 5.945399558297039810e-01 0.000000000000000000e+00
0.000000000000000000e+00 1.000000000000000000e+00 1.000000000000000000e+00 4.846493370035408477e-01 0.000000000000000000e+00
0.000000000000000000e+00 0.000000000000000000e+00 1.000000000000000000e+00 7.421888230374085182e-01 0.000000000000000000e+00
1.000000000000000000e+00 0.000000000000000000e+00 1.000000000000000000e+00 1.231636010442006546e-01 0.000000000000000000e+00
2.543259334209733158e-01 3.618853776026196289e-01 0.000000000000000000e+00 8.580951385859985070e-01 0.000000000000000000e+00
4.616450862935682631e-01 8.006037903402184464e-01 0.000000000000000000e+00 4.039084648103637987e-01 0.000000000000000000e+00
1.567408357087576309e-01 3.720590763766654652e-01 1.000000000000000000e+00 8.467877232698556300e-01 0.000000000000000000e+00
7.299041637107492875e-01 8.950886019722600340e-01 1.000000000000000000e+00 1.308586541592045016e-01 0.000000000000000000e+00
7.008227389230403670e-01 0.000000000000000000e+00 5.274566338583107639e-01 1.405052764316300218e-01 0.000000000000000000e+00
6.309568124758418994e-01 0.000000000000000000e+00 5.485772154075098106e-01 1.019851130392781524e-01 0.000000000000000000e+00
1.723955540486237226e-01 1.000000000000000000e+00 4.984117083690094985e-01 9.384600160989817752e-01 0.000000000000000000e+00
5.633681590929809913e-01 1.000000000000000000e+00 5.890437104827163095e-01 7.913327783244779035e-01 0.000000000000000000e+00
0.000000000000000000e+00 2.809234478377103938e-01 4.217036070445783214e-01 9.696978482163725044e-01 0.000000000000000000e+00
0.000000000000000000e+00 1.889068181325713747e-01 9.033638232452512185e-01 1.558228877174985261e-01 0.000000000000000000e+00
1.000000000000000000e+00 2.779326801778128075e-01 7.670344191675657619e-01 4.582497604072072184e-01 0.000000000000000000e+00
1.000000000000000000e+00 1.965384831889449568e-02 7.841064395751118354e-01 9.697838509051346367e-01 0.000000000000000000e+00
5.970245683673410797e-01 7.777118408056185039e-01 9.764135325642742114e-01 3.056662322026403311e-01 0.000000000000000000e+00
3.949063979027521709e-01 7.572951240713643450e-02 3.030532479275690472e-01 9.218362144179635953e-01 0.000000000000000000e+00
3.357200358980657606e-01 1.576810478594204978e-01 2.577152080566205150e-01 7.549269756243196516e-01 0.000000000000000000e+00
7.928373465654962038e-01 9.604368288033880985e-01 1.160898975368044317e-01 8.640474838575703531e-01 0.000000000000000000e+00
3.779853685693435050e-02 8.341197839804374015e-01 5.500340303749990944e-01 5.169327296813338579e-01 0.000000000000000000e+00
2.183772880908319003e-01 8.482454587067200791e-03 7.337372860122419738e-01 3.127645544758930196e-01 0.000000000000000000e+00
6.947734547907469249e-02 2.360973469044328477e-01 4.694919609566993168e-01 2.821752315059028460e-01 0.000000000000000000e+00
1.386256964988974438e-01 6.629117090680436419e-02 5.210460833857472052e-01 5.189793432058339429e-01 0.000000000000000000e+00
5.285996353137693005e-01 1.175458994082312358e-02 5.810056797654274963e-01 1.875372945316390316e-01 0.000000000000000000e+00
4.803669344430216981e-03 4.498472016009011920e-01 8.626608599406460076e-02 3.496446625444734613e-01 0.000000000000000000e+00
5.174996730015706259e-01 2.761649668901795529e-01 4.452572619773967899e-01 5.089957527703184992e-01 0.000000000000000000e+00
7.881695272825520737e-01 7.607359295276453492e-01 4.204546409138361085e-01 4.127225609811299156e-01 0.000000000000000000e+00
8.294895046594874533e-01 4.808872016064009713e-01 7.062383054240239932e-02 1.954795115101967129e-01 0.000000000000000000e+00
2.367689679780567991e-01 4.098079241627459179e-01 9.537830633823100035e-01 3.877108012281698102e-01 0.000000000000000000e+00
6.615365456764099594e-02 8.653017393938795543e-01 3.909342731204051846e-01 4.585660772163001608e-01 0.000000000000000000e+00
7.561831556704823321e-02 5.223429242216227619e-01 8.162055366176440563e-01 4.636678931994692165e-01 0.000000000000000000e+00
4.966305744527521604e-01 6.489375170421818328e-02 3.331196956322757252e-01 9.601147704544243933e-02 0.000000000000000000e+00
9.823123659973278521e-01 7.563881823819186279e-01 1.590634973716795741e-01 3.327683692769597412e-01 0.000000000000000000e+00
3.430087836319815064e-01 7.021250521331712235e-02 4.620859604670091159e-02 6.351378273103920336e-01 0.000000000000000000e+00
1.274343384569438520e-01 3.608567963337502293e-01 5.435817878371732581e-01 4.343826182391524737e-01 0.000000000000000000e+00
9.058396306234692830e-01 7.071839695366589629e-01 2.038668087831003728e-01 3.042813988006811687e-01 0.000000000000000000e+00
2.244788059967635085e-01 3.357798887151477452e-01 9.917271870183544946e-01 9.816512420781720039e-02 0.000000000000000000e+00
3.599011290438480781e-01 9.716584023610471688e-01 2.872029143808565443e-01 6.553783813652076518e-01 0.000000000000000000e+00
5.449217712661394986e-01 2.085612315734908240e-01 5.071029489227247833e-01 9.913900323136257686e-01 0.000000000000000000e+00
1.258503365191022683e-01 9.818849525192847594e-01 9.287741073993583951e-01 1.364503305679723999e-01 0.000000000000000000e+00
8.585243985958309620e-01 6.420331792578186647e-01 4.922278851225629914e-01 4.163877571144085632e-01 0.000000000000000000e+00
6.386875145673511778e-01 8.867007213110714714e-01 3.557120875017560913e-02 5.829989197313718563e-01 0.000000000000000000e+00
8.435260654924955359e-01 6.093383913143145536e-01 7.079200314897367008e-01 8.978619923288362337e-01 0.000000000000000000e+00
7.046558557411201074e-01 7.857911873515758261e-01 7.047605682900562885e-01 7.097710811033515199e-01 0.000000000000000000e+00
5.418302195461414117e-01 7.011652252046942646e-01 3.898338856956891085e-01 4.916093986955396566e-01 0.000000000000000000e+00
3.359744772953603409e-01 7.314782716772729732e-01 6.485031519920667620e-01 5.548351823209792810e-01 0.000000000000000000e+00
7.121302579171012725e-01 1.325814103748061967e-01 2.498384815401224479e-01 2.399466124396454347e-03 0.000000000000000000e+00
8.168121943634798487e-02 1.274136053785113187e-02 6.071955955325939458e-01 7.535623035497525102e-01 0.000000000000000000e+00
7.720363823773397360e-01 7.458595605863105327e-01 3.254538859418210084e-01 8.869784515842895622e-01 0.000000000000000000e+00
8.585184623565269568e-01 3.221274872650949916e-01 8.817802607097888767e-01 3.065190776140175322e-01 0.000000000000000000e+00
7.940088236789468734e-01 8.285944556939471850e-01 6.220427409108697514e-02 5.831587360844271428e-01 0.000000000000000000e+00
2.819736368327657727e-01 9.932522026391856773e-01 7.692827047006545182e-02 2.084787307079859486e-01 0.000000000000000000e+00
1.280390609059025575e-01 5.717007364825350546e-01 8.403620232740603990e-01 5.775839673789575635e-01 0.000000000000000000e+00
7.176040586997327608e-01 7.983677575237480006e-01 6.585335856847528424e-01 2.385727199118942154e-01 0.000000000000000000e+00
7.742736389416718934e-01 5.210661142165763371e-01 7.689900248308948472e-01 8.783082818032426076e-01 0.000000000000000000e+00
4.451484931375709886e-01 7.242675464725455425e-01 9.506128563702498369e-02 4.886052214059923848e-01 0.000000000000000000e+00
5.081446402206317714e-01 6.784383631491643918e-01 8.290503937512225807e-01 3.258387522203071152e-01 0.000000000000000000e+00
1.962167922297997080e-02 6.711555443532288834e-01 5.025721861562160164e-02 2.836258500240189662e-01 0.000000000000000000e+00
1.233264550125416914e-01 1.555947771041551464e-01 2.508213417234639309e-01 5.266488798799923154e-01 0.000000000000000000e+00
3.771768538586511843e-01 4.373845577315915722e-01 3.400888428401830366e-01 6.610277027482556189e-01 0.000000000000000000e+00
6.949611262460387850e-01 3.305394110096611104e-01 8.232956331563856534e-02 4.087546990649387757e-01 0.000000000000000000e+00
3.906444432005331535e-01 7.883161688180229110e-02 4.176812091564169327e-01 4.621066535559601451e-01 0.000000000000000000e+00
5.160609321969871210e-01 6.319008283977337603e-01 9.564316615436562197e-01 9.096847758467508926e-01 0.000000000000000000e+00
1.872770669058987369e-01 8.372490278239285155e-01 9.999853296211624887e-02 2.260830940508274933e-01 0.000000000000000000e+00
1.347866397466347399e-01 5.162849523618178171e-01 7.798452857335754773e-01 2.402804953938515453e-01 0.000000000000000000e+00
8.752385262478112882e-01 1.002083320486013562e-01 3.263923718796747364e-01 8.059104343014362737e-01 0.000000000000000000e+00
8.034332903867933418e-01 8.726461958497979676e-01 9.658725899729848630e-01 5.010124446053865199e-03 0.000000000000000000e+00
6.598101043909646579e-01 9.894442109354506520e-01 4.732434502523337194e-01 8.781400068749999344e-01 0.000000000000000000e+00
8.033456362984120469e-01 9.862534365786623791e-02 8.065950589658877901e-01 8.618774945717300184e-01 0.000000000000000000e+00
5.416698965423974999e-01 1.057981132638764477e-01 4.196104127833985009e-01 4.566653013340193912e-01 0.000000000000000000e+00
1.573230416361574013e-01 2.393045781878750944e-01 1.850339159188004734e-01 3.669324563457354582e-02 0.000000000000000000e+00
1.759065399249619688e-01 7.747581025770564622e-01 3.364871000450198046e-01 5.165049788302489286e-01 0.000000000000000000e+00
2.632133326088004210e-01 2.231282772727876118e-01 9.989559914954014852e-01 9.808557455160127336e-01 0.000000000000000000e+00
4.341448295609821040e-01 4.648527621973189694e-01 6.182559597649606165e-01 3.722325477691306173e-01 0.000000000000000000e+00
8.712989215130843013e-01 6.256015194091191223e-02 1.491965152394003624e-02 7.388245796457582060e-02 0.000000000000000000e+00
